First Name,Last Name,Gender,Team,Status,Car,Nationality,DOB,Traits,Fame,Scouting Level,Weight,Wages,Contract End,Contract Start,Qualifying Bonus Amount,Qualifying Bonus Position,Race Bonus Amount,Race Bonus Position,Champion Bonus,Pay Driver,Braking,Cornering,Smoothness,Overtaking,Consistency,Adaptability,Fitness,Feedback,Focus,Optimal Zone,Driving Style,Driver Number,Races,Wins,Podiums,Poles,DNFs,DNFs via error,DNS,Career Points,Championships,Form,Experience,Morale,Obedience,Potential,Patience,Chairman Popularity,Fans Popularity,Sponsor Popularity,Skin Colour,Hair,Hair Colour,Glasses,Accessory,Facial Hair,Body Type,Hat,Helmet Style,Helmet Primary Colour,Helmet Secondary Colour,Helmet Tertiary Colour,Marketability,Brake Supplier Preference,Improvement Rate,Peak Duration,Peak Age,Desired Championships,Desired Wins,Desired Earnings,Desired Budget,Stars,Series Preference,Reward ID
Harry,Chapman,M,2,Equal,,UK,31/03/1996,,0,0,69,1,2000,1999,,,,,0,0,1,1,1,1,1,1,1,1,1,0.5,16,,,,,,,,,,,n/a,0,50,80,160,5,100,100,100,5,2,8,1,0,0,0,2,0,3,5,9,50,4,50,5,30,1,1,0,100,0.1,Any,
Nina,Holtz,F,2,Equal,,Germany,31/03/1996,,0,0,69,1,2000,1999,,,,,0,0,1,1,1,1,1,1,1,1,1,0.5,16,,,,,,,,,,,n/a,0,50,80,160,5,100,100,100,1,2,6,0,0,5,0,14,0,9,10,10,50,4,50,5,30,1,1,0,100,0.1,Any,
Zoe,Sharp,F,3,One,,Australia,31/03/1996,,0,0,69,1,2000,1999,,,,,0,0,1,1,1,1,1,1,1,1,1,0.5,16,,,,,,,,,,,n/a,0,50,80,160,5,100,100,100,1,4,3,0,0,7,0,2,0,7,4,5,50,5,50,5,30,1,1,0,100,0.1,Any,
Nicolai,Surikov,M,3,Two,,RussianFederation,31/03/1996,,0,0,69,1,2000,1999,,,,,0,0,1,1,1,1,1,1,1,1,1,0.5,16,,,,,,,,,,,n/a,0,50,80,160,5,100,100,100,0,2,6,3,0,5,0,8,0,0,3,2,50,2,50,5,30,1,1,0,100,0.1,Any,
Aki,Lipponen,M,4,Equal,,Finland,31/03/1996,,0,0,69,1,2000,1999,,,,,0,0,1,1,1,1,1,1,1,1,1,0.5,16,,,,,,,,,,,n/a,0,50,80,160,5,100,100,100,1,3,2,0,0,0,0,5,0,4,5,9,50,3,50,5,30,1,1,0,100,0.1,Any,
Ana,Oliveira,F,4,Equal,,Brazil,31/03/1996,,0,0,69,1,2000,1999,,,,,0,0,1,1,1,1,1,1,1,1,1,0.5,16,,,,,,,,,,,n/a,0,50,80,160,5,100,100,100,3,4,7,0,0,1,0,16,0,3,6,0,50,5,50,5,30,1,1,0,100,0.1,Any,
Dieter,Wexler,M,5,One,,Germany,31/03/1996,,0,0,69,1,2000,1999,,,,,0,0,1,1,1,1,1,1,1,1,1,0.5,16,,,,,,,,,,,n/a,0,50,80,160,5,100,100,100,0,3,6,0,0,11,0,8,0,2,5,9,50,2,50,5,30,1,1,0,100,0.1,Any,
Niilo,Saarinen,M,5,Two,,Finland,31/03/1996,,0,0,69,1,2000,1999,,,,,0,0,1,1,1,1,1,1,1,1,1,0.5,16,,,,,,,,,,,n/a,0,50,80,160,5,100,100,100,0,1,1,1,0,0,0,12,0,6,6,10,50,4,50,5,30,1,1,0,100,0.1,Any,
Javier,Vázquez,M,6,One,,Spain,31/03/1996,,0,0,69,1,2000,1999,,,,,0,0,1,1,1,1,1,1,1,1,1,0.5,16,,,,,,,,,,,n/a,0,50,80,160,5,100,100,100,1,2,8,3,0,5,0,2,0,7,0,3,50,4,50,5,30,1,1,0,100,0.1,Any,
Jenny,North,F,6,Two,,UK,31/03/1996,,0,0,69,1,2000,1999,,,,,0,0,1,1,1,1,1,1,1,1,1,0.5,16,,,,,,,,,,,n/a,0,50,80,160,5,100,100,100,0,4,6,1,0,5,0,2,0,3,5,4,50,1,50,5,30,1,1,0,100,0.1,Any,
Wolfgang,Schmidt,M,7,One,,Germany,31/03/1996,,0,0,69,1,2000,1999,,,,,0,0,1,1,1,1,1,1,1,1,1,0.5,16,,,,,,,,,,,n/a,0,50,80,160,5,100,100,100,0,4,4,0,0,10,0,2,0,3,0,2,50,1,50,5,30,1,1,0,100,0.1,Any,
Maria,Gonzalez,F,7,Two,,Mexico,31/03/1996,,0,0,69,1,2000,1999,,,,,0,0,1,1,1,1,1,1,1,1,1,0.5,16,,,,,,,,,,,n/a,0,50,80,160,5,100,100,100,3,3,8,0,0,1,0,1,0,6,2,5,50,5,50,5,30,1,1,0,100,0.1,Any,
Rick,de Graaf,M,8,Equal,,Netherlands,31/03/1996,,0,0,69,1,2000,1999,,,,,0,0,1,1,1,1,1,1,1,1,1,0.5,16,,,,,,,,,,,n/a,0,50,80,160,5,100,100,100,1,3,2,0,0,0,0,14,0,9,1,2,50,4,50,5,30,1,1,0,100,0.1,Any,
Lucía,Flores,F,8,Equal,,Spain,31/03/1996,,0,0,69,1,2000,1999,,,,,0,0,1,1,1,1,1,1,1,1,1,0.5,16,,,,,,,,,,,n/a,0,50,80,160,5,100,100,100,4,2,6,0,0,1,0,15,0,10,2,8,50,2,50,5,30,1,1,0,100,0.1,Any,
Samuel,Blanc,M,9,Equal,,France,31/03/1996,,0,0,69,1,2000,1999,,,,,0,0,1,1,1,1,1,1,1,1,1,0.5,16,,,,,,,,,,,n/a,0,50,80,160,5,100,100,100,1,3,7,1,0,8,0,11,0,2,0,9,50,3,50,5,30,1,1,0,100,0.1,Any,
Alejandro,Moreno,M,9,Equal,,Venezuela,31/03/1996,,0,0,69,1,2000,1999,,,,,0,0,1,1,1,1,1,1,1,1,1,0.5,16,,,,,,,,,,,n/a,0,50,80,160,5,100,100,100,4,2,8,0,0,5,0,5,0,7,0,2,50,4,50,5,30,1,1,0,100,0.1,Any,
Siri,Lundqvist,F,10,Equal,,Sweden,31/03/1996,,0,0,69,1,2000,1999,,,,,0,0,1,1,1,1,1,1,1,1,1,0.5,16,,,,,,,,,,,n/a,0,50,80,160,5,100,100,100,2,2,4,0,0,6,0,16,0,10,5,0,50,1,50,5,30,1,1,0,100,0.1,Any,
Esteban,Ribeiro,M,10,Equal,,Brazil,31/03/1996,,0,0,69,1,2000,1999,,,,,0,0,1,1,1,1,1,1,1,1,1,0.5,16,,,,,,,,,,,n/a,0,50,80,160,5,100,100,100,2,0,4,0,0,0,0,5,0,1,3,8,50,4,50,5,30,1,1,0,100,0.1,Any,
Jeremy,Woodford,M,11,Equal,,UK,31/03/1996,,0,0,69,1,2000,1999,,,,,0,0,1,1,1,1,1,1,1,1,1,0.5,16,,,,,,,,,,,n/a,0,50,80,160,5,100,100,100,0,4,8,0,0,1,0,3,0,5,8,4,50,5,50,5,30,1,1,0,100,0.1,Any,
Iker,Vidal,M,11,Equal,,Spain,31/03/1996,,0,0,69,1,2000,1999,,,,,0,0,1,1,1,1,1,1,1,1,1,0.5,16,,,,,,,,,,,n/a,0,50,80,160,5,100,100,100,0,1,7,1,0,7,0,1,0,9,7,10,50,3,50,5,30,1,1,0,100,0.1,Any,
Pascal,Becker,M,2,Reserve,,Germany,31/03/1996,,0,0,69,1,2000,1999,,,,,0,0,1,1,1,1,1,1,1,1,1,0.5,16,,,,,,,,,,,n/a,0,50,80,160,5,100,100,100,0,1,2,0,0,0,0,16,0,5,7,4,50,4,50,5,30,1,1,0,100,0.1,Any,
Camille,Piaget,F,3,Reserve,,Switzerland,31/03/1996,,0,0,69,1,2000,1999,,,,,0,0,1,1,1,1,1,1,1,1,1,0.5,16,,,,,,,,,,,n/a,0,50,80,160,5,100,100,100,5,2,8,0,0,0,0,6,0,6,9,2,50,1,50,5,30,1,1,0,100,0.1,Any,
Sanjay,Modi,M,4,Reserve,,India,31/03/1996,,0,0,69,1,2000,1999,,,,,0,0,1,1,1,1,1,1,1,1,1,0.5,16,,,,,,,,,,,n/a,0,50,80,160,5,100,100,100,2,6,7,0,0,1,0,16,0,10,1,5,50,1,50,5,30,1,1,0,100,0.1,Any,
Carla,Espinoza,F,5,Reserve,,Spain,31/03/1996,,0,0,69,1,2000,1999,,,,,0,0,1,1,1,1,1,1,1,1,1,0.5,16,,,,,,,,,,,n/a,0,50,80,160,5,100,100,100,4,1,9,0,0,0,0,11,0,0,6,6,50,3,50,5,30,1,1,0,100,0.1,Any,
Jens,Bergman,M,6,Reserve,,Sweden,31/03/1996,,0,0,69,1,2000,1999,,,,,0,0,1,1,1,1,1,1,1,1,1,0.5,16,,,,,,,,,,,n/a,0,50,80,160,5,100,100,100,3,1,7,0,0,6,0,0,0,8,10,7,50,5,50,5,30,1,1,0,100,0.1,Any,
Cristiano,De Oeste,M,7,Reserve,,Argentina,31/03/1996,,0,0,69,1,2000,1999,,,,,0,0,1,1,1,1,1,1,1,1,1,0.5,16,,,,,,,,,,,n/a,0,50,80,160,5,100,100,100,2,0,4,1,0,0,0,9,0,4,1,1,50,5,50,5,30,1,1,0,100,0.1,Any,
Frida,Fischer,F,8,Reserve,,Austria,31/03/1996,,0,0,69,1,2000,1999,,,,,0,0,1,1,1,1,1,1,1,1,1,0.5,16,,,,,,,,,,,n/a,0,50,80,160,5,100,100,100,0,4,5,1,0,0,0,10,0,0,8,7,50,4,50,5,30,1,1,0,100,0.1,Any,
Oli,Clarke Smith,M,9,Reserve,,UK,31/03/1996,,0,0,69,1,2000,1999,,,,,0,0,1,1,1,1,1,1,1,1,1,0.5,16,,,,,,,,,,,n/a,0,50,80,160,5,100,100,100,0,3,2,0,0,4,0,16,0,9,1,4,50,4,50,5,30,1,1,0,100,0.1,Any,
Roberto,Persanni,M,10,Reserve,,Italy,31/03/1996,,0,0,69,1,2000,1999,,,,,0,0,1,1,1,1,1,1,1,1,1,0.5,16,,,,,,,,,,,n/a,0,50,80,160,5,100,100,100,1,6,8,1,0,8,0,10,0,7,8,5,50,4,50,5,30,1,1,0,100,0.1,Any,
Zak,Hamilton,M,11,Reserve,,UK,31/03/1996,,0,0,69,1,2000,1999,,,,,0,0,1,1,1,1,1,1,1,1,1,0.5,16,,,,,,,,,,,n/a,0,50,80,160,5,100,100,100,1,4,0,4,0,9,0,6,0,0,7,0,50,1,50,5,30,1,1,0,100,0.1,Any,
Gustavo,Costa,M,12,Equal,,Portugal,31/03/1996,,0,0,69,1,2000,1999,,,,,0,0,1,1,1,1,1,1,1,1,1,0.5,16,,,,,,,,,,,n/a,0,50,80,160,5,100,100,100,2,2,8,0,0,8,0,5,0,0,0,3,50,2,50,5,30,1,1,0,100,0.1,Any,
Ricardo,Costa,M,12,Equal,,Portugal,31/03/1996,,0,0,69,1,2000,1999,,,,,0,0,1,1,1,1,1,1,1,1,1,0.5,16,,,,,,,,,,,n/a,0,50,80,160,5,100,100,100,2,4,8,1,0,4,0,1,0,0,6,7,50,4,50,5,30,1,1,0,100,0.1,Any,
Guillermo,Almeida,M,13,One,,Colombia,31/03/1996,,0,0,69,1,2000,1999,,,,,0,0,1,1,1,1,1,1,1,1,1,0.5,16,,,,,,,,,,,n/a,0,50,80,160,5,100,100,100,2,0,8,0,0,6,0,15,0,9,3,3,50,4,50,5,30,1,1,0,100,0.1,Any,
Jessica,Munroe,F,13,Two,,UnitedStates,31/03/1996,,0,0,69,1,2000,1999,,,,,0,0,1,1,1,1,1,1,1,1,1,0.5,16,,,,,,,,,,,n/a,0,50,80,160,5,100,100,100,2,2,2,0,0,0,0,15,0,3,9,6,50,3,50,5,30,1,1,0,100,0.1,Any,
Freya,Larsen,F,14,Equal,,Denmark,31/03/1996,,0,0,69,1,2000,1999,,,,,0,0,1,1,1,1,1,1,1,1,1,0.5,16,,,,,,,,,,,n/a,0,50,80,160,5,100,100,100,3,4,9,1,0,0,0,6,0,7,4,5,50,2,50,5,30,1,1,0,100,0.1,Any,
Johnny,Navarro,M,14,Equal,,Venezuela,31/03/1996,,0,0,69,1,2000,1999,,,,,0,0,1,1,1,1,1,1,1,1,1,0.5,16,,,,,,,,,,,n/a,0,50,80,160,5,100,100,100,2,3,3,0,0,0,0,8,0,3,5,0,50,2,50,5,30,1,1,0,100,0.1,Any,
Molly,Fox,F,15,One,,UnitedStates,31/03/1996,,0,0,69,1,2000,1999,,,,,0,0,1,1,1,1,1,1,1,1,1,0.5,16,,,,,,,,,,,n/a,0,50,80,160,5,100,100,100,3,6,6,1,0,0,0,4,0,9,1,3,50,1,50,5,30,1,1,0,100,0.1,Any,
Ellie,Nightingale,F,15,Two,,UK,31/03/1996,,0,0,69,1,2000,1999,,,,,0,0,1,1,1,1,1,1,1,1,1,0.5,16,,,,,,,,,,,n/a,0,50,80,160,5,100,100,100,1,3,4,0,0,0,0,7,0,3,9,9,50,3,50,5,30,1,1,0,100,0.1,Any,
Mattias,De Wolf,M,16,One,,Belgium,31/03/1996,,0,0,69,1,2000,1999,,,,,0,0,1,1,1,1,1,1,1,1,1,0.5,16,,,,,,,,,,,n/a,0,50,80,160,5,100,100,100,0,4,7,3,0,2,0,8,0,8,2,0,50,4,50,5,30,1,1,0,100,0.1,Any,
Go,Kanjiro,F,16,Two,,Japan,31/03/1996,,0,0,69,1,2000,1999,,,,,0,0,1,1,1,1,1,1,1,1,1,0.5,16,,,,,,,,,,,n/a,0,50,80,160,5,100,100,100,0,2,7,0,0,0,0,0,0,6,7,2,50,1,50,5,30,1,1,0,100,0.1,Any,
Kareem,Shah,M,17,One,,UK,31/03/1996,,0,0,69,1,2000,1999,,,,,0,0,1,1,1,1,1,1,1,1,1,0.5,16,,,,,,,,,,,n/a,0,50,80,160,5,100,100,100,3,3,9,0,0,11,0,16,0,2,7,6,50,2,50,5,30,1,1,0,100,0.1,Any,
Alex,Willis,M,17,Two,,UnitedStates,31/03/1996,,0,0,69,1,2000,1999,,,,,0,0,1,1,1,1,1,1,1,1,1,0.5,16,,,,,,,,,,,n/a,0,50,80,160,5,100,100,100,0,2,3,0,0,1,0,10,0,0,9,4,50,3,50,5,30,1,1,0,100,0.1,Any,
Michelle,Cooper,F,18,Equal,,NewZealand,31/03/1996,,0,0,69,1,2000,1999,,,,,0,0,1,1,1,1,1,1,1,1,1,0.5,16,,,,,,,,,,,n/a,0,50,80,160,5,100,100,100,0,5,7,0,0,0,0,8,0,9,7,3,50,2,50,5,30,1,1,0,100,0.1,Any,
Artem,Mikhailovic,M,18,Equal,,RussianFederation,31/03/1996,,0,0,69,1,2000,1999,,,,,0,0,1,1,1,1,1,1,1,1,1,0.5,16,,,,,,,,,,,n/a,0,50,80,160,5,100,100,100,3,7,8,4,0,5,0,11,0,5,0,9,50,2,50,5,30,1,1,0,100,0.1,Any,
Niccolo',Strambi,M,19,Equal,,Italy,31/03/1996,,0,0,69,1,2000,1999,,,,,0,0,1,1,1,1,1,1,1,1,1,0.5,16,,,,,,,,,,,n/a,0,50,80,160,5,100,100,100,5,4,8,1,0,10,0,3,0,5,8,2,50,3,50,5,30,1,1,0,100,0.1,Any,
Jonas,Braunlich,M,19,Equal,,Austria,31/03/1996,,0,0,69,1,2000,1999,,,,,0,0,1,1,1,1,1,1,1,1,1,0.5,16,,,,,,,,,,,n/a,0,50,80,160,5,100,100,100,1,5,3,0,0,0,0,13,0,5,8,1,50,3,50,5,30,1,1,0,100,0.1,Any,
Johan,Sylvander,M,20,Equal,,Sweden,31/03/1996,,0,0,69,1,2000,1999,,,,,0,0,1,1,1,1,1,1,1,1,1,0.5,16,,,,,,,,,,,n/a,0,50,80,160,5,100,100,100,2,2,5,1,0,0,0,11,0,9,2,2,50,1,50,5,30,1,1,0,100,0.1,Any,
Estela,Batista,F,20,Equal,,Brazil,31/03/1996,,0,0,69,1,2000,1999,,,,,0,0,1,1,1,1,1,1,1,1,1,0.5,16,,,,,,,,,,,n/a,0,50,80,160,5,100,100,100,5,5,7,0,0,5,0,15,0,9,4,6,50,1,50,5,30,1,1,0,100,0.1,Any,
Laura,Ingledew,F,21,Equal,,UK,31/03/1996,,0,0,69,1,2000,1999,,,,,0,0,1,1,1,1,1,1,1,1,1,0.5,16,,,,,,,,,,,n/a,0,50,80,160,5,100,100,100,1,2,3,2,0,0,0,2,0,8,3,3,50,1,50,5,30,1,1,0,100,0.1,Any,
Austin,Zarate,M,21,Equal,,Indonesia,31/03/1996,,0,0,69,1,2000,1999,,,,,0,0,1,1,1,1,1,1,1,1,1,0.5,16,,,,,,,,,,,n/a,0,50,80,160,5,100,100,100,2,1,7,0,0,0,0,4,0,5,2,3,50,3,50,5,30,1,1,0,100,0.1,Any,
Sergio,Arbeloa,M,22,Equal,,Spain,31/03/1996,,0,0,69,1,2000,1999,,,,,0,0,1,1,1,1,1,1,1,1,1,0.5,16,,,,,,,,,,,n/a,0,50,80,160,5,100,100,100,5,5,6,0,0,0,0,4,0,6,3,6,50,5,50,5,30,1,1,0,100,0.1,Any,
Edda,Jónsdóttir,F,22,Equal,,Iceland,31/03/1996,,0,0,69,1,2000,1999,,,,,0,0,1,1,1,1,1,1,1,1,1,0.5,16,,,,,,,,,,,n/a,0,50,80,160,5,100,100,100,1,5,2,0,0,1,0,13,0,10,10,1,50,1,50,5,30,1,1,0,100,0.1,Any,
Jean-François,Beauchamp,M,23,One,,Canada,31/03/1996,,0,0,69,1,2000,1999,,,,,0,0,1,1,1,1,1,1,1,1,1,0.5,16,,,,,,,,,,,n/a,0,50,80,160,5,100,100,100,0,0,9,4,0,10,0,0,0,10,5,0,50,1,50,5,30,1,1,0,100,0.1,Any,
Tanvir,Jha,M,23,Two,,India,31/03/1996,,0,0,69,1,2000,1999,,,,,0,0,1,1,1,1,1,1,1,1,1,0.5,16,,,,,,,,,,,n/a,0,50,80,160,5,100,100,100,4,0,6,0,0,0,0,6,0,5,3,5,50,2,50,5,30,1,1,0,100,0.1,Any,
Luigi,Marchetta,M,24,Equal,,Italy,31/03/1996,,0,0,69,1,2000,1999,,,,,0,0,1,1,1,1,1,1,1,1,1,0.5,16,,,,,,,,,,,n/a,0,50,80,160,5,100,100,100,3,5,9,0,0,2,0,8,0,9,7,4,50,2,50,5,30,1,1,0,100,0.1,Any,
Claudia,Dreyfuss,F,24,Equal,,Germany,31/03/1996,,0,0,69,1,2000,1999,,,,,0,0,1,1,1,1,1,1,1,1,1,0.5,16,,,,,,,,,,,n/a,0,50,80,160,5,100,100,100,1,3,4,3,0,0,0,15,0,9,2,3,50,1,50,5,30,1,1,0,100,0.1,Any,
Sergey,Antonov,M,25,One,,RussianFederation,31/03/1996,,0,0,69,1,2000,1999,,,,,0,0,1,1,1,1,1,1,1,1,1,0.5,16,,,,,,,,,,,n/a,0,50,80,160,5,100,100,100,5,3,8,0,0,4,0,3,0,1,7,2,50,4,50,5,30,1,1,0,100,0.1,Any,
Merja,Väänänen,F,25,Two,,Finland,31/03/1996,,0,0,69,1,2000,1999,,,,,0,0,1,1,1,1,1,1,1,1,1,0.5,16,,,,,,,,,,,n/a,0,50,80,160,5,100,100,100,1,0,8,0,0,5,0,10,0,5,8,5,50,1,50,5,30,1,1,0,100,0.1,Any,
André,Sabado,M,26,One,,Brazil,31/03/1996,,0,0,69,1,2000,1999,,,,,0,0,1,1,1,1,1,1,1,1,1,0.5,16,,,,,,,,,,,n/a,0,50,80,160,5,100,100,100,3,3,8,0,0,1,0,16,0,10,5,7,50,4,50,5,30,1,1,0,100,0.1,Any,
Jean-Pierre,Gérard,M,26,Two,,France,31/03/1996,,0,0,69,1,2000,1999,,,,,0,0,1,1,1,1,1,1,1,1,1,0.5,16,,,,,,,,,,,n/a,0,50,80,160,5,100,100,100,2,0,6,3,0,9,0,10,0,2,9,9,50,3,50,5,30,1,1,0,100,0.1,Any,
Amanda,Cavalcanti,F,27,Two,,Brazil,31/03/1996,,0,0,69,1,2000,1999,,,,,0,0,1,1,1,1,1,1,1,1,1,0.5,16,,,,,,,,,,,n/a,0,50,80,160,5,100,100,100,1,0,9,1,0,0,0,7,0,4,2,4,50,1,50,5,30,1,1,0,100,0.1,Any,
Eduardo,Melo,M,27,One,,Brazil,31/03/1996,,0,0,69,1,2000,1999,,,,,0,0,1,1,1,1,1,1,1,1,1,0.5,16,,,,,,,,,,,n/a,0,50,80,160,5,100,100,100,4,2,4,0,0,0,0,7,0,1,0,9,50,1,50,5,30,1,1,0,100,0.1,Any,
Nick,Chu,M,28,Two,,Thailand,31/03/1996,,0,0,69,1,2000,1999,,,,,0,0,1,1,1,1,1,1,1,1,1,0.5,16,,,,,,,,,,,n/a,0,50,80,160,5,100,100,100,0,2,9,0,0,0,0,16,0,6,5,6,50,5,50,5,30,1,1,0,100,0.1,Any,
Bao,Tāng,M,28,One,,China,31/03/1996,,0,0,69,1,2000,1999,,,,,0,0,1,1,1,1,1,1,1,1,1,0.5,16,,,,,,,,,,,n/a,0,50,80,160,5,100,100,100,1,5,8,0,0,3,0,13,0,7,6,10,50,2,50,5,30,1,1,0,100,0.1,Any,
Ines,Santa Ana,F,29,Equal,,Argentina,31/03/1996,,0,0,69,1,2000,1999,,,,,0,0,1,1,1,1,1,1,1,1,1,0.5,16,,,,,,,,,,,n/a,0,50,80,160,5,100,100,100,2,5,7,0,0,0,0,12,0,6,1,3,50,1,50,5,30,1,1,0,100,0.1,Any,
William,Evans,M,29,Equal,,Australia,31/03/1996,,0,0,69,1,2000,1999,,,,,0,0,1,1,1,1,1,1,1,1,1,0.5,16,,,,,,,,,,,n/a,0,50,80,160,5,100,100,100,0,1,8,3,0,1,0,9,0,8,0,7,50,3,50,5,30,1,1,0,100,0.1,Any,
Aurélie,Dembélé,F,30,Two,,France,31/03/1996,,0,0,69,1,2000,1999,,,,,0,0,1,1,1,1,1,1,1,1,1,0.5,16,,,,,,,,,,,n/a,0,50,80,160,5,100,100,100,5,3,8,0,0,0,0,17,0,4,7,0,50,2,50,5,30,1,1,0,100,0.1,Any,
Sergio,Valdés,M,30,One,,Spain,31/03/1996,,0,0,69,1,2000,1999,,,,,0,0,1,1,1,1,1,1,1,1,1,0.5,16,,,,,,,,,,,n/a,0,50,80,160,5,100,100,100,4,0,5,1,0,0,0,0,0,7,6,2,50,2,50,5,30,1,1,0,100,0.1,Any,
Mustafa,El Sadat,M,31,Equal,,Egypt,31/03/1996,,0,0,69,1,2000,1999,,,,,0,0,1,1,1,1,1,1,1,1,1,0.5,16,,,,,,,,,,,n/a,0,50,80,160,5,100,100,100,2,1,5,0,0,0,0,1,0,5,3,8,50,5,50,5,30,1,1,0,100,0.1,Any,
Alex,Rogers,M,31,Equal,,UK,31/03/1996,,0,0,69,1,2000,1999,,,,,0,0,1,1,1,1,1,1,1,1,1,0.5,16,,,,,,,,,,,n/a,0,50,80,160,5,100,100,100,1,1,1,1,0,2,0,0,0,3,5,5,50,3,50,5,30,1,1,0,100,0.1,Any,
Noomi,Seppälä,F,12,Reserve,,Finland,31/03/1996,,0,0,69,1,2000,1999,,,,,0,0,1,1,1,1,1,1,1,1,1,0.5,16,,,,,,,,,,,n/a,0,50,80,160,5,100,100,100,2,5,1,0,0,0,0,4,0,3,9,5,50,1,50,5,30,1,1,0,100,0.1,Any,
Andrea,Floridi,F,13,Reserve,,Italy,31/03/1996,,0,0,69,1,2000,1999,,,,,0,0,1,1,1,1,1,1,1,1,1,0.5,16,,,,,,,,,,,n/a,0,50,80,160,5,100,100,100,3,4,7,0,0,0,0,12,0,4,9,8,50,3,50,5,30,1,1,0,100,0.1,Any,
Amy,McCloud,F,14,Reserve,,UK,31/03/1996,,0,0,69,1,2000,1999,,,,,0,0,1,1,1,1,1,1,1,1,1,0.5,16,,,,,,,,,,,n/a,0,50,80,160,5,100,100,100,2,5,2,0,0,0,0,16,0,6,7,7,50,2,50,5,30,1,1,0,100,0.1,Any,
Frankie,Parkes,M,15,Reserve,,UK,31/03/1996,,0,0,69,1,2000,1999,,,,,0,0,1,1,1,1,1,1,1,1,1,0.5,16,,,,,,,,,,,n/a,0,50,80,160,5,100,100,100,1,4,8,0,0,0,0,3,0,5,2,4,50,5,50,5,30,1,1,0,100,0.1,Any,
Gabriela,Sá,F,16,Reserve,,Portugal,31/03/1996,,0,0,69,1,2000,1999,,,,,0,0,1,1,1,1,1,1,1,1,1,0.5,16,,,,,,,,,,,n/a,0,50,80,160,5,100,100,100,5,4,8,3,0,0,0,11,0,2,6,3,50,1,50,5,30,1,1,0,100,0.1,Any,
Magnus,Krantz,M,17,Reserve,,Germany,31/03/1996,,0,0,69,1,2000,1999,,,,,0,0,1,1,1,1,1,1,1,1,1,0.5,16,,,,,,,,,,,n/a,0,50,80,160,5,100,100,100,1,2,7,0,0,0,0,5,0,5,9,7,50,4,50,5,30,1,1,0,100,0.1,Any,
Thierry,Leclère,M,18,Reserve,,France,31/03/1996,,0,0,69,1,2000,1999,,,,,0,0,1,1,1,1,1,1,1,1,1,0.5,16,,,,,,,,,,,n/a,0,50,80,160,5,100,100,100,5,4,7,0,0,0,0,11,0,2,1,6,50,3,50,5,30,1,1,0,100,0.1,Any,
Ebony,Tyler,F,19,Reserve,,UK,31/03/1996,,0,0,69,1,2000,1999,,,,,0,0,1,1,1,1,1,1,1,1,1,0.5,16,,,,,,,,,,,n/a,0,50,80,160,5,100,100,100,2,1,2,4,0,0,0,12,0,8,8,8,50,4,50,5,30,1,1,0,100,0.1,Any,
Khotso,Masilela,M,20,Reserve,,SouthAfrica,31/03/1996,,0,0,69,1,2000,1999,,,,,0,0,1,1,1,1,1,1,1,1,1,0.5,16,,,,,,,,,,,n/a,0,50,80,160,5,100,100,100,4,3,8,0,0,10,0,17,0,2,0,10,50,4,50,5,30,1,1,0,100,0.1,Any,
Jaidee,Veerapol,F,21,Reserve,,Thailand,31/03/1996,,0,0,69,1,2000,1999,,,,,0,0,1,1,1,1,1,1,1,1,1,0.5,16,,,,,,,,,,,n/a,0,50,80,160,5,100,100,100,1,1,4,0,0,0,0,13,0,7,6,4,50,5,50,5,30,1,1,0,100,0.1,Any,
Shen,Qi,F,22,Reserve,,China,31/03/1996,,0,0,69,1,2000,1999,,,,,0,0,1,1,1,1,1,1,1,1,1,0.5,16,,,,,,,,,,,n/a,0,50,80,160,5,100,100,100,1,5,5,0,0,0,0,12,0,0,10,1,50,3,50,5,30,1,1,0,100,0.1,Any,
Valerie,Yao,F,23,Reserve,,Singapore,31/03/1996,,0,0,69,1,2000,1999,,,,,0,0,1,1,1,1,1,1,1,1,1,0.5,16,,,,,,,,,,,n/a,0,50,80,160,5,100,100,100,3,5,8,0,0,0,0,1,0,9,2,9,50,2,50,5,30,1,1,0,100,0.1,Any,
Adrian,Earle,M,24,Reserve,,UK,31/03/1996,,0,0,69,1,2000,1999,,,,,0,0,1,1,1,1,1,1,1,1,1,0.5,16,,,,,,,,,,,n/a,0,50,80,160,5,100,100,100,2,1,0,0,0,0,0,17,0,4,10,9,50,5,50,5,30,1,1,0,100,0.1,Any,
Simone,Santore,F,25,Reserve,,Italy,31/03/1996,,0,0,69,1,2000,1999,,,,,0,0,1,1,1,1,1,1,1,1,1,0.5,16,,,,,,,,,,,n/a,0,50,80,160,5,100,100,100,3,2,6,1,0,5,0,15,0,3,7,7,50,2,50,5,30,1,1,0,100,0.1,Any,
Christian,West,M,26,Reserve,,UK,31/03/1996,,0,0,69,1,2000,1999,,,,,0,0,1,1,1,1,1,1,1,1,1,0.5,16,,,,,,,,,,,n/a,0,50,80,160,5,100,100,100,1,3,9,0,0,0,0,10,0,5,7,2,50,1,50,5,30,1,1,0,100,0.1,Any,
Bruno,Cabral,M,27,Reserve,,Portugal,31/03/1996,,0,0,69,1,2000,1999,,,,,0,0,1,1,1,1,1,1,1,1,1,0.5,16,,,,,,,,,,,n/a,0,50,80,160,5,100,100,100,0,4,9,0,0,0,0,6,0,6,9,1,50,3,50,5,30,1,1,0,100,0.1,Any,
Hong,Liào,M,28,Reserve,,China,31/03/1996,,0,0,69,1,2000,1999,,,,,0,0,1,1,1,1,1,1,1,1,1,0.5,16,,,,,,,,,,,n/a,0,50,80,160,5,100,100,100,3,0,6,0,0,2,0,3,0,8,2,0,50,1,50,5,30,1,1,0,100,0.1,Any,
Katie,Linares,F,29,Reserve,,Australia,31/03/1996,,0,0,69,1,2000,1999,,,,,0,0,1,1,1,1,1,1,1,1,1,0.5,16,,,,,,,,,,,n/a,0,50,80,160,5,100,100,100,3,2,8,4,0,0,0,9,0,10,10,6,50,1,50,5,30,1,1,0,100,0.1,Any,
Cerys,Young,F,30,Reserve,,UnitedStates,31/03/1996,,0,0,69,1,2000,1999,,,,,0,0,1,1,1,1,1,1,1,1,1,0.5,16,,,,,,,,,,,n/a,0,50,80,160,5,100,100,100,1,1,7,0,0,0,0,13,0,4,0,8,50,5,50,5,30,1,1,0,100,0.1,Any,
Peter,Young,M,31,Reserve,,UK,31/03/1996,,0,0,69,1,2000,1999,,,,,0,0,1,1,1,1,1,1,1,1,1,0.5,16,,,,,,,,,,,n/a,0,50,80,160,5,100,100,100,1,4,4,1,0,11,0,6,0,5,3,0,50,5,50,5,30,1,1,0,100,0.1,Any,
Andrea,Gabler,F,32,One,,Germany,31/03/1996,,0,0,69,1,2000,1999,,,,,0,0,1,1,1,1,1,1,1,1,1,0.5,16,,,,,,,,,,,n/a,0,50,80,160,5,,,,2,3,8,0,0,1,0,14,0,10,5,10,50,2,50,5,30,1,1,0,100,0.1,Any,
Lisandro,Cruz,M,32,Two,,Venezuela,31/03/1996,,0,0,69,1,2000,1999,,,,,0,0,1,1,1,1,1,1,1,1,1,0.5,16,,,,,,,,,,,n/a,0,50,80,160,5,,,,2,1,5,0,0,0,0,12,0,4,2,0,50,1,50,5,30,1,1,0,100,0.1,Any,
Chica,Balcazar,F,32,Reserve,,Spain,31/03/1996,,0,0,69,1,2000,1999,,,,,0,0,1,1,1,1,1,1,1,1,1,0.5,16,,,,,,,,,,,n/a,0,50,80,160,5,,,,5,1,9,0,0,0,0,16,0,8,6,7,50,2,50,5,30,1,1,0,100,0.1,Any,
Maxime,Lori,M,33,Equal,,Switzerland,31/03/1996,,0,0,69,1,2000,1999,,,,,0,0,1,1,1,1,1,1,1,1,1,0.5,16,,,,,,,,,,,n/a,0,50,80,160,5,,,,2,6,7,1,0,0,0,8,0,10,6,9,50,2,50,5,30,1,1,0,100,0.1,Any,
Sofi,Sevilla,F,33,Equal,,Spain,31/03/1996,,0,0,69,1,2000,1999,,,,,0,0,1,1,1,1,1,1,1,1,1,0.5,16,,,,,,,,,,,n/a,0,50,80,160,5,,,,0,1,1,0,0,5,0,0,0,4,2,5,50,5,50,5,30,1,1,0,100,0.1,Any,
Miia,Lahtinen,F,33,Reserve,,Finland,31/03/1996,,0,0,69,1,2000,1999,,,,,0,0,1,1,1,1,1,1,1,1,1,0.5,16,,,,,,,,,,,n/a,0,50,80,160,5,,,,0,4,9,0,0,0,0,0,0,5,4,2,50,4,50,5,30,1,1,0,100,0.1,Any,
Chiaki,Hashimoto,F,34,One,,Japan,31/03/1996,,0,0,69,1,2000,1999,,,,,0,0,1,1,1,1,1,1,1,1,1,0.5,16,,,,,,,,,,,n/a,0,50,80,160,5,,,,2,5,0,0,0,5,0,14,0,0,2,3,50,2,50,5,30,1,1,0,100,0.1,Any,
Riku,Tanaka,M,34,Two,,Japan,31/03/1996,,0,0,69,1,2000,1999,,,,,0,0,1,1,1,1,1,1,1,1,1,0.5,16,,,,,,,,,,,n/a,0,50,80,160,5,,,,1,6,4,0,0,0,0,6,0,5,4,5,50,2,50,5,30,1,1,0,100,0.1,Any,
Marieke,Meulen,F,34,Reserve,,Netherlands,31/03/1996,,0,0,69,1,2000,1999,,,,,0,0,1,1,1,1,1,1,1,1,1,0.5,16,,,,,,,,,,,n/a,0,50,80,160,5,,,,1,5,9,0,0,0,0,0,0,9,6,4,50,4,50,5,30,1,1,0,100,0.1,Any,
Jarita,Dutt,F,35,Two,,India,31/03/1996,,0,0,69,1,2000,1999,,,,,0,0,1,1,1,1,1,1,1,1,1,0.5,16,,,,,,,,,,,n/a,0,50,80,160,5,,,,2,3,4,1,0,0,0,4,0,6,10,8,50,2,50,5,30,1,1,0,100,0.1,Any,
Rafael,Rodrigues,M,35,One,,Portugal,31/03/1996,,0,0,69,1,2000,1999,,,,,0,0,1,1,1,1,1,1,1,1,1,0.5,16,,,,,,,,,,,n/a,0,50,80,160,5,,,,1,5,6,1,0,0,0,5,0,6,5,3,50,1,50,5,30,1,1,0,100,0.1,Any,
Lorenzo,Mori,M,35,Reserve,,Italy,31/03/1996,,0,0,69,1,2000,1999,,,,,0,0,1,1,1,1,1,1,1,1,1,0.5,16,,,,,,,,,,,n/a,0,50,80,160,5,,,,2,4,6,0,0,0,0,4,0,10,1,1,50,2,50,5,30,1,1,0,100,0.1,Any,
Mia,Holgersen,F,36,Equal,,Denmark,31/03/1996,,0,0,69,1,2000,1999,,,,,0,0,1,1,1,1,1,1,1,1,1,0.5,16,,,,,,,,,,,n/a,0,50,80,160,5,,,,1,2,2,0,0,10,0,14,0,6,10,0,50,2,50,5,30,1,1,0,100,0.1,Any,
Will,Baggs,M,36,Equal,,Australia,31/03/1996,,0,0,69,1,2000,1999,,,,,0,0,1,1,1,1,1,1,1,1,1,0.5,16,,,,,,,,,,,n/a,0,50,80,160,5,,,,1,3,8,0,0,1,0,1,0,3,2,3,50,2,50,5,30,1,1,0,100,0.1,Any,
Angela,Casciani,F,36,Reserve,,Italy,31/03/1996,,0,0,69,1,2000,1999,,,,,0,0,1,1,1,1,1,1,1,1,1,0.5,16,,,,,,,,,,,n/a,0,50,80,160,5,,,,2,5,3,0,0,0,0,15,0,9,6,0,50,2,50,5,30,1,1,0,100,0.1,Any,
Ray,Roberts,M,37,One,,UnitedStates,31/03/1996,,0,0,69,1,2000,1999,,,,,0,0,1,1,1,1,1,1,1,1,1,0.5,16,,,,,,,,,,,n/a,0,50,80,160,5,,,,1,3,2,1,0,8,0,3,0,9,0,6,50,2,50,5,30,1,1,0,100,0.1,Any,
Alice,Wood,F,37,Two,,UK,31/03/1996,,0,0,69,1,2000,1999,,,,,0,0,1,1,1,1,1,1,1,1,1,0.5,16,,,,,,,,,,,n/a,0,50,80,160,5,,,,2,1,9,0,0,0,0,15,0,10,10,5,50,2,50,5,30,1,1,0,100,0.1,Any,
Óscar,Diaz,M,37,Reserve,,Colombia,31/03/1996,,0,0,69,1,2000,1999,,,,,0,0,1,1,1,1,1,1,1,1,1,0.5,16,,,,,,,,,,,n/a,0,50,80,160,5,,,,3,0,7,0,0,0,0,17,0,1,0,7,50,5,50,5,30,1,1,0,100,0.1,Any,
Will,Hume,M,38,Equal,,UK,31/03/1996,,0,0,69,1,2000,1999,,,,,0,0,1,1,1,1,1,1,1,1,1,0.5,16,,,,,,,,,,,n/a,0,50,80,160,5,,,,1,3,8,0,0,8,0,15,0,6,2,6,50,2,50,5,30,1,1,0,100,0.1,Any,
Patrycja,Kaluza,F,38,Equal,,Poland,31/03/1996,,0,0,69,1,2000,1999,,,,,0,0,1,1,1,1,1,1,1,1,1,0.5,16,,,,,,,,,,,n/a,0,50,80,160,5,,,,0,3,5,0,0,5,0,11,0,1,8,10,50,2,50,5,30,1,1,0,100,0.1,Any,
Masahiko,Tanakuchi,M,38,Reserve,,Japan,31/03/1996,,0,0,69,1,2000,1999,,,,,0,0,1,1,1,1,1,1,1,1,1,0.5,16,,,,,,,,,,,n/a,0,50,80,160,5,,,,2,7,6,0,0,0,0,2,0,1,6,9,50,2,50,5,30,1,1,0,100,0.1,Any,
Eva,Blasi,F,39,One,,Switzerland,31/03/1996,,0,0,69,1,2000,1999,,,,,0,0,1,1,1,1,1,1,1,1,1,0.5,16,,,,,,,,,,,n/a,0,50,80,160,5,,,,0,3,4,0,0,8,0,15,0,4,0,10,50,2,50,5,30,1,1,0,100,0.1,Any,
Hannah,Trenoweth,F,39,Two,,UK,31/03/1996,,0,0,69,1,2000,1999,,,,,0,0,1,1,1,1,1,1,1,1,1,0.5,16,,,,,,,,,,,n/a,0,50,80,160,5,,,,1,2,7,0,0,0,0,10,0,2,5,0,50,2,50,5,30,1,1,0,100,0.1,Any,
Niklas,Wuelfrath,M,39,Reserve,,Germany,31/03/1996,,0,0,69,1,2000,1999,,,,,0,0,1,1,1,1,1,1,1,1,1,0.5,16,,,,,,,,,,,n/a,0,50,80,160,5,,,,0,5,7,1,0,0,0,8,0,4,9,9,50,2,50,5,30,1,1,0,100,0.1,Any,
Dagur,Stefánsson,M,40,Equal,,Iceland,31/03/1996,,0,0,69,1,2000,1999,,,,,0,0,1,1,1,1,1,1,1,1,1,0.5,16,,,,,,,,,,,n/a,0,50,80,160,5,,,,1,6,0,0,0,2,0,16,0,10,9,9,50,2,50,5,30,1,1,0,100,0.1,Any,
Santo,Parisi,M,40,Equal,,Italy,31/03/1996,,0,0,69,1,2000,1999,,,,,0,0,1,1,1,1,1,1,1,1,1,0.5,16,,,,,,,,,,,n/a,0,50,80,160,5,,,,3,3,9,1,0,7,0,3,0,4,0,3,50,2,50,5,30,1,1,0,100,0.1,Any,
Gaspar,Fuentes,M,40,Reserve,,Spain,31/03/1996,,0,0,69,1,2000,1999,,,,,0,0,1,1,1,1,1,1,1,1,1,0.5,16,,,,,,,,,,,n/a,0,50,80,160,5,,,,0,3,1,0,0,0,0,8,0,5,3,10,50,2,50,5,30,1,1,0,100,0.1,Any,
Cristina,Capello,F,41,Equal,,Italy,31/03/1996,,0,0,69,1,2000,1999,,,,,0,0,1,1,1,1,1,1,1,1,1,0.5,16,,,,,,,,,,,n/a,0,50,80,160,5,,,,5,6,7,1,0,0,0,7,0,10,8,0,50,2,50,5,30,1,1,0,100,0.1,Any,
Gary,Edwards,M,41,Equal,,UnitedStates,31/03/1996,,0,0,69,1,2000,1999,,,,,0,0,1,1,1,1,1,1,1,1,1,0.5,16,,,,,,,,,,,n/a,0,50,80,160,5,,,,3,4,7,0,0,4,0,2,0,7,3,7,50,2,50,5,30,1,1,0,100,0.1,Any,
Gregorio,Suero,M,41,Reserve,,Spain,31/03/1996,,0,0,69,1,2000,1999,,,,,0,0,1,1,1,1,1,1,1,1,1,0.5,16,,,,,,,,,,,n/a,0,50,80,160,5,,,,1,4,9,0,0,0,0,11,0,8,1,6,50,2,50,5,30,1,1,0,100,0.1,Any,
Lars,Ohlin,M,42,One,,Sweden,31/03/1996,,0,0,69,1,2000,1999,,,,,0,0,1,1,1,1,1,1,1,1,1,0.5,16,,,,,,,,,,,n/a,0,50,80,160,5,,,,1,5,8,0,0,0,0,0,0,9,3,1,50,2,50,5,30,1,1,0,100,0.1,Any,
Barnaby,White,M,42,Two,,UK,31/03/1996,,0,0,69,1,2000,1999,,,,,0,0,1,1,1,1,1,1,1,1,1,0.5,16,,,,,,,,,,,n/a,0,50,80,160,5,,,,1,3,8,0,0,0,0,8,0,9,7,3,50,2,50,5,30,1,1,0,100,0.1,Any,
Calvin,Griffin,M,42,Reserve,,UnitedStates,31/03/1996,,0,0,69,1,2000,1999,,,,,0,0,1,1,1,1,1,1,1,1,1,0.5,16,,,,,,,,,,,n/a,0,50,80,160,5,,,,3,1,9,0,0,0,0,7,0,0,9,6,50,2,50,5,30,1,1,0,100,0.1,Any,
Sally,Higgins,F,43,Two,,UnitedStates,31/03/1996,,0,0,69,1,2000,1999,,,,,0,0,1,1,1,1,1,1,1,1,1,0.5,16,,,,,,,,,,,n/a,0,50,80,160,5,,,,4,5,6,0,0,0,0,9,0,8,6,5,50,2,50,5,30,1,1,0,100,0.1,Any,
Asta,Landvik,F,43,One,,Norway,31/03/1996,,0,0,69,1,2000,1999,,,,,0,0,1,1,1,1,1,1,1,1,1,0.5,16,,,,,,,,,,,n/a,0,50,80,160,5,,,,0,1,7,1,0,1,0,4,0,10,2,6,50,2,50,5,30,1,1,0,100,0.1,Any,
Bjørn,Bjelland,M,43,Reserve,,Norway,31/03/1996,,0,0,69,1,2000,1999,,,,,0,0,1,1,1,1,1,1,1,1,1,0.5,16,,,,,,,,,,,n/a,0,50,80,160,5,,,,1,0,6,0,0,3,0,12,0,5,3,9,50,1,50,5,30,1,1,0,100,0.1,Any,
Nabil,Vercruysse,M,44,Equal,,Belgium,31/03/1996,,0,0,69,1,2000,1999,,,,,0,0,1,1,1,1,1,1,1,1,1,0.5,16,,,,,,,,,,,n/a,0,50,80,160,5,,,,2,4,5,0,0,0,0,13,0,9,10,4,50,2,50,5,30,1,1,0,100,0.1,Any,
Yang,Lei,F,44,Equal,,China,31/03/1996,,0,0,69,1,2000,1999,,,,,0,0,1,1,1,1,1,1,1,1,1,0.5,16,,,,,,,,,,,n/a,0,50,80,160,5,,,,0,6,9,1,0,0,0,5,0,3,7,5,50,2,50,5,30,1,1,0,100,0.1,Any,
Jakob,Võsu,M,44,Reserve,,Estonia,31/03/1996,,0,0,69,1,2000,1999,,,,,0,0,1,1,1,1,1,1,1,1,1,0.5,16,,,,,,,,,,,n/a,0,50,80,160,5,,,,1,6,4,0,0,0,0,6,0,5,4,5,50,2,50,5,30,1,1,0,100,0.1,Any,
Mitsuki,Naito,M,45,Equal,,Japan,31/03/1996,,0,0,69,1,2000,1999,,,,,0,0,1,1,1,1,1,1,1,1,1,0.5,16,,,,,,,,,,,n/a,0,50,80,160,5,,,,2,5,8,0,0,4,0,11,0,5,8,8,50,2,50,5,30,1,1,0,100,0.1,Any,
Kyuichi,Okimoto,M,45,Equal,,Japan,31/03/1996,,0,0,69,1,2000,1999,,,,,0,0,1,1,1,1,1,1,1,1,1,0.5,16,,,,,,,,,,,n/a,0,50,80,160,5,,,,0,4,6,0,0,0,0,16,0,7,5,0,50,2,50,5,30,1,1,0,100,0.1,Any,
Wakana,Omura,F,45,Reserve,,Japan,31/03/1996,,0,0,69,1,2000,1999,,,,,0,0,1,1,1,1,1,1,1,1,1,0.5,16,,,,,,,,,,,n/a,0,50,80,160,5,,,,5,4,11,0,0,7,0,14,0,9,8,7,50,2,50,5,30,1,1,0,100,0.1,Any,
Teuvo,Partanen,M,46,Equal,,Finland,31/03/1996,,0,0,69,1,2000,1999,,,,,0,0,1,1,1,1,1,1,1,1,1,0.5,16,,,,,,,,,,,n/a,0,50,80,160,5,,,,2,5,7,1,0,0,0,7,0,5,4,5,50,2,50,5,30,1,1,0,100,0.1,Any,
Luca,Gatto,M,46,Equal,,Italy,31/03/1996,,0,0,69,1,2000,1999,,,,,0,0,1,1,1,1,1,1,1,1,1,0.5,16,,,,,,,,,,,n/a,0,50,80,160,5,,,,0,3,8,1,0,8,0,7,0,1,7,1,50,3,50,5,30,1,1,0,100,0.1,Any,
Chris,Cannon,M,46,Reserve,,UnitedStates,31/03/1996,,0,0,69,1,2000,1999,,,,,0,0,1,1,1,1,1,1,1,1,1,0.5,16,,,,,,,,,,,n/a,0,50,80,160,5,,,,1,2,7,0,0,0,0,0,0,5,6,9,50,2,50,5,30,1,1,0,100,0.1,Any,
Nina,Cellier,F,47,One,,France,31/03/1996,,0,0,69,1,2000,1999,,,,,0,0,1,1,1,1,1,1,1,1,1,0.5,16,,,,,,,,,,,n/a,0,50,80,160,5,,,,0,2,0,0,0,5,0,3,0,0,5,6,50,2,50,5,30,1,1,0,100,0.1,Any,
Alexia,Pernet,F,47,Two,,France,31/03/1996,,0,0,69,1,2000,1999,,,,,0,0,1,1,1,1,1,1,1,1,1,0.5,16,,,,,,,,,,,n/a,0,50,80,160,5,,,,0,3,1,2,1,2,0,4,0,0,9,6,50,2,50,5,30,1,1,0,100,0.1,Any,
Nevada,Mellado,M,47,Reserve,,Venezuela,31/03/1996,,0,0,69,1,2000,1999,,,,,0,0,1,1,1,1,1,1,1,1,1,0.5,16,,,,,,,,,,,n/a,0,50,80,160,5,,,,4,2,6,0,0,0,0,4,0,3,4,8,50,2,50,5,30,1,1,0,100,0.1,Any,
Bindo,Giuliani,M,48,Equal,,Italy,31/03/1996,,0,0,69,1,2000,1999,,,,,0,0,1,1,1,1,1,1,1,1,1,0.5,16,,,,,,,,,,,n/a,0,50,80,160,5,,,,4,5,7,0,0,6,0,6,0,0,6,2,50,2,50,5,30,1,1,0,100,0.1,Any,
Joe,Norris,M,48,Equal,,UK,31/03/1996,,0,0,69,1,2000,1999,,,,,0,0,1,1,1,1,1,1,1,1,1,0.5,16,,,,,,,,,,,n/a,0,50,80,160,5,,,,0,2,4,0,0,0,0,7,0,1,5,5,50,2,50,5,30,1,1,0,100,0.1,Any,
Leonzio,Fara,M,48,Reserve,,Italy,31/03/1996,,0,0,69,1,2000,1999,,,,,0,0,1,1,1,1,1,1,1,1,1,0.5,16,,,,,,,,,,,n/a,0,50,80,160,5,,,,2,5,4,1,0,0,0,12,0,8,3,9,50,2,50,5,30,1,1,0,100,0.1,Any,
Cora,Alo,F,49,Equal,,Italy,31/03/1996,,0,0,69,1,2000,1999,,,,,0,0,1,1,1,1,1,1,1,1,1,0.5,16,,,,,,,,,,,n/a,0,50,80,160,5,,,,1,5,6,0,1,6,0,4,0,0,4,2,50,2,50,5,30,1,1,0,100,0.1,Any,
Goa,Minzhe,M,49,Equal,,HongKong,31/03/1996,,0,0,69,1,2000,1999,,,,,0,0,1,1,1,1,1,1,1,1,1,0.5,16,,,,,,,,,,,n/a,0,50,80,160,5,,,,2,5,7,0,0,0,0,2,0,8,10,7,50,2,50,5,30,1,1,0,100,0.1,Any,
Eliina,Soininen,F,49,Reserve,,Finland,31/03/1996,,0,0,69,1,2000,1999,,,,,0,0,1,1,1,1,1,1,1,1,1,0.5,16,,,,,,,,,,,n/a,0,50,80,160,5,,,,0,4,4,0,0,4,0,4,0,8,7,0,50,2,50,5,30,1,1,0,100,0.1,Any,
Vanessa,Silveira,F,50,Equal,,Spain,31/03/1996,,0,0,69,1,2000,1999,,,,,0,0,1,1,1,1,1,1,1,1,1,0.5,16,,,,,,,,,,,n/a,0,50,80,160,5,,,,0,1,9,0,0,0,0,10,0,3,2,3,50,2,50,5,30,1,1,0,100,0.1,Any,
William,Channon,M,50,Equal,,France,31/03/1996,,0,0,69,1,2000,1999,,,,,0,0,1,1,1,1,1,1,1,1,1,0.5,16,,,,,,,,,,,n/a,0,50,80,160,5,,,,1,5,7,2,1,0,0,0,0,7,1,10,50,2,50,5,30,1,1,0,100,0.1,Any,
Daisy,Parker,F,50,Reserve,,UK,31/03/1996,,0,0,69,1,2000,1999,,,,,0,0,1,1,1,1,1,1,1,1,1,0.5,16,,,,,,,,,,,n/a,0,50,80,160,5,,,,0,5,7,0,0,0,0,10,0,3,9,2,50,2,50,5,30,1,1,0,100,0.1,Any,
Hal,Wilson,M,51,Equal,,UK,31/03/1996,,0,0,69,1,2000,1999,,,,,0,0,1,1,1,1,1,1,1,1,1,0.5,16,,,,,,,,,,,n/a,0,50,80,160,5,,,,0,3,2,1,0,1,0,4,0,10,1,1,50,2,50,5,30,1,1,0,100,0.1,Any,
Phillip,Taylor,M,51,Equal,,UnitedStates,31/03/1996,,0,0,69,1,2000,1999,,,,,0,0,1,1,1,1,1,1,1,1,1,0.5,16,,,,,,,,,,,n/a,0,50,80,160,5,,,,2,3,4,1,0,1,0,4,0,10,1,1,50,2,50,5,30,1,1,0,100,0.1,Any,
Konstantin,Ivanov,M,51,Reserve,,RussianFederation,31/03/1996,,0,0,69,1,2000,1999,,,,,0,0,1,1,1,1,1,1,1,1,1,0.5,16,,,,,,,,,,,n/a,0,50,80,160,5,,,,1,2,6,0,0,1,0,4,0,10,1,1,50,2,50,5,30,1,1,0,100,0.1,Any,
Victor,Cazacu,M,52,One,1,Romania,31/03/1996,,0,0,69,1,2000,1999,,,,,0,0,1,1,1,1,1,1,1,1,1,0.5,16,,,,,,,,,,,n/a,0,50,80,160,5,,,,2,2,1,0,0,0,0,8,0,4,7,0,50,2,50,5,30,1,1,0,100,0.1,Any,
Lucy,Lavoie,F,52,One,1,Canada,31/03/1996,,0,0,69,1,2000,1999,,,,,0,0,1,1,1,1,1,1,1,1,1,0.5,16,,,,,,,,,,,n/a,0,50,80,160,5,,,,2,2,6,0,0,0,0,12,0,4,9,8,50,2,50,5,30,1,1,0,100,0.1,Any,
Millie,Davis,F,52,Equal,1,Canada,31/03/1996,,0,0,69,1,2000,1999,,,,,0,0,1,1,1,1,1,1,1,1,1,0.5,16,,,,,,,,,,,n/a,0,50,80,160,5,,,,1,1,0,0,0,0,0,6,0,4,9,9,50,2,50,5,30,1,1,0,100,0.1,Any,
Roger,Taylor,M,52,Equal,2,NewZealand,31/03/1996,,0,0,69,1,2000,1999,,,,,0,0,1,1,1,1,1,1,1,1,1,0.5,16,,,,,,,,,,,n/a,0,50,80,160,5,,,,1,7,8,1,0,8,0,6,0,4,9,9,50,2,50,5,30,1,1,0,100,0.1,Any,
Dirk,Lehmann,M,52,Two,2,Germany,31/03/1996,,0,0,69,1,2000,1999,,,,,0,0,1,1,1,1,1,1,1,1,1,0.5,16,,,,,,,,,,,n/a,0,50,80,160,5,,,,0,5,0,0,0,5,0,6,0,4,9,9,50,2,50,5,30,1,1,0,100,0.1,Any,
Bruce,Mayer,M,52,Two,2,Australia,31/03/1996,,0,0,69,1,2000,1999,,,,,0,0,1,1,1,1,1,1,1,1,1,0.5,16,,,,,,,,,,,n/a,0,50,80,160,5,,,,1,4,9,0,0,1,0,6,0,4,9,9,50,2,50,5,30,1,1,0,100,0.1,Any,
Olga,Makarova,F,53,Equal,1,RussianFederation,31/03/1996,,0,0,69,1,2000,1999,,,,,0,0,1,1,1,1,1,1,1,1,1,0.5,16,,,,,,,,,,,n/a,0,50,80,160,5,,,,0,4,0,0,0,7,0,12,0,2,9,1,50,2,50,5,30,1,1,0,100,0.1,Any,
Abasin,Dhillon,M,53,One,1,Pakistan,31/03/1996,,0,0,69,1,2000,1999,,,,,0,0,1,1,1,1,1,1,1,1,1,0.5,16,,,,,,,,,,,n/a,0,50,80,160,5,,,,3,7,3,1,0,7,0,6,0,10,10,3,50,2,50,5,30,1,1,0,100,0.1,Any,
Genki,Kawashima,M,53,One,1,Japan,31/03/1996,,0,0,69,1,2000,1999,,,,,0,0,1,1,1,1,1,1,1,1,1,0.5,16,,,,,,,,,,,n/a,0,50,80,160,5,,,,3,3,9,0,0,0,0,6,0,10,10,3,50,2,50,5,30,1,1,0,100,0.1,Any,
Kiyoshi,Hiraoka,F,53,Two,2,Japan,31/03/1996,,0,0,69,1,2000,1999,,,,,0,0,1,1,1,1,1,1,1,1,1,0.5,16,,,,,,,,,,,n/a,0,50,80,160,5,,,,2,1,9,0,0,0,0,13,0,6,8,8,50,2,50,5,30,1,1,0,100,0.1,Any,
David,Arnet,M,53,Two,2,Switzerland,31/03/1996,,0,0,69,1,2000,1999,,,,,0,0,1,1,1,1,1,1,1,1,1,0.5,16,,,,,,,,,,,n/a,0,50,80,160,5,,,,0,5,7,0,0,1,0,13,0,6,8,8,50,2,50,5,30,1,1,0,100,0.1,Any,
Kathrina,Gruber,F,53,Two,2,Austria,31/03/1996,,0,0,69,1,2000,1999,,,,,0,0,1,1,1,1,1,1,1,1,1,0.5,16,,,,,,,,,,,n/a,0,50,80,160,5,,,,1,3,6,0,0,0,0,13,0,6,8,8,50,2,50,5,30,1,1,0,100,0.1,Any,
Diana,Bovino,F,54,Equal,1,Italy,31/03/1996,,0,0,69,1,2000,1999,,,,,0,0,1,1,1,1,1,1,1,1,1,0.5,16,,,,,,,,,,,n/a,0,50,80,160,5,,,,5,3,7,0,0,0,0,4,0,4,5,5,50,2,50,5,30,1,1,0,100,0.1,Any,
Oddvar,Wigdahl,M,54,One,1,Norway,31/03/1996,,0,0,69,1,2000,1999,,,,,0,0,1,1,1,1,1,1,1,1,1,0.5,16,,,,,,,,,,,n/a,0,50,80,160,5,,,,0,5,1,0,0,0,0,4,0,7,0,6,50,2,50,5,30,1,1,0,100,0.1,Any,
Zoja,Udris,F,54,Equal,1,Latvia,31/03/1996,,0,0,69,1,2000,1999,,,,,0,0,1,1,1,1,1,1,1,1,1,0.5,16,,,,,,,,,,,n/a,0,50,80,160,5,,,,1,1,2,0,0,0,0,11,0,1,1,6,50,2,50,5,30,1,1,0,100,0.1,Any,
Oliver,Möller,M,54,Equal,2,Germany,31/03/1996,,0,0,69,1,2000,1999,,,,,0,0,1,1,1,1,1,1,1,1,1,0.5,16,,,,,,,,,,,n/a,0,50,80,160,5,,,,3,3,11,0,0,5,0,6,0,4,9,9,50,2,50,5,30,1,1,0,100,0.1,Any,
Linda,Lorenz,F,54,Equal,2,Germany,31/03/1996,,0,0,69,1,2000,1999,,,,,0,0,1,1,1,1,1,1,1,1,1,0.5,16,,,,,,,,,,,n/a,0,50,80,160,5,,,,1,3,6,0,0,7,0,6,0,4,9,9,50,2,50,5,30,1,1,0,100,0.1,Any,
Pauline,Ballack,F,54,Two,2,Austria,31/03/1996,,0,0,69,1,2000,1999,,,,,0,0,1,1,1,1,1,1,1,1,1,0.5,16,,,,,,,,,,,n/a,0,50,80,160,5,,,,5,0,10,1,0,0,0,6,0,4,9,9,50,2,50,5,30,1,1,0,100,0.1,Any,
Iris,Sundin,F,55,One,1,Sweden,31/03/1996,,0,0,69,1,2000,1999,,,,,0,0,1,1,1,1,1,1,1,1,1,0.5,16,,,,,,,,,,,n/a,0,50,80,160,5,,,,2,4,2,0,0,0,0,9,0,6,2,10,50,2,50,5,30,1,1,0,100,0.1,Any,
So,Jung,M,55,Equal,1,SouthKorea,31/03/1996,,0,0,69,1,2000,1999,,,,,0,0,1,1,1,1,1,1,1,1,1,0.5,16,,,,,,,,,,,n/a,0,50,80,160,5,,,,1,5,7,0,0,0,0,14,0,3,6,7,50,2,50,5,30,1,1,0,100,0.1,Any,
Tsoi,Xiaojing,F,55,Equal,1,HongKong,31/03/1996,,0,0,69,1,2000,1999,,,,,0,0,1,1,1,1,1,1,1,1,1,0.5,16,,,,,,,,,,,n/a,0,50,80,160,5,,,,0,5,9,4,0,0,0,6,0,7,4,0,50,2,50,5,30,1,1,0,100,0.1,Any,
Paul,Tolisso,M,55,Equal,2,France,31/03/1996,,0,0,69,1,2000,1999,,,,,0,0,1,1,1,1,1,1,1,1,1,0.5,16,,,,,,,,,,,n/a,0,50,80,160,5,,,,1,1,0,0,0,0,0,6,0,4,9,9,50,2,50,5,30,1,1,0,100,0.1,Any,
Patryk,Dronia,M,55,Equal,2,Poland,31/03/1996,,0,0,69,1,2000,1999,,,,,0,0,1,1,1,1,1,1,1,1,1,0.5,16,,,,,,,,,,,n/a,0,50,80,160,5,,,,2,6,5,0,0,3,0,6,0,4,9,9,50,2,50,5,30,1,1,0,100,0.1,Any,
Mathilde,Noir,F,55,Equal,2,France,31/03/1996,,0,0,69,1,2000,1999,,,,,0,0,1,1,1,1,1,1,1,1,1,0.5,16,,,,,,,,,,,n/a,0,50,80,160,5,,,,2,5,3,1,0,0,0,7,0,3,4,7,50,2,50,5,30,1,1,0,100,0.1,Any,
Chun,Ae,F,56,Equal,1,SouthKorea,31/03/1996,,0,0,69,1,2000,1999,,,,,0,0,1,1,1,1,1,1,1,1,1,0.5,16,,,,,,,,,,,n/a,0,50,80,160,5,,,,0,4,2,2,0,0,0,6,0,7,4,0,50,2,50,5,30,1,1,0,100,0.1,Any,
Renée,Côté,F,56,Equal,1,Canada,31/03/1996,,0,0,69,1,2000,1999,,,,,0,0,1,1,1,1,1,1,1,1,1,0.5,16,,,,,,,,,,,n/a,0,50,80,160,5,,,,1,1,8,0,0,0,0,10,0,6,6,6,50,2,50,5,30,1,1,0,100,0.1,Any,
Carlos,Pinho,M,56,Equal,1,Brazil,31/03/1996,,0,0,69,1,2000,1999,,,,,0,0,1,1,1,1,1,1,1,1,1,0.5,16,,,,,,,,,,,n/a,0,50,80,160,5,,,,2,6,9,0,0,0,0,15,0,8,0,10,50,2,50,5,30,1,1,0,100,0.1,Any,
Jente,Vancluysen,M,56,Equal,2,Belgium,31/03/1996,,0,0,69,1,2000,1999,,,,,0,0,1,1,1,1,1,1,1,1,1,0.5,16,,,,,,,,,,,n/a,0,50,80,160,5,,,,1,3,2,0,0,7,0,9,0,8,0,10,50,2,50,5,30,1,1,0,100,0.1,Any,
Jesus,Teixeira,M,56,Equal,2,Mexico,31/03/1996,,0,0,69,1,2000,1999,,,,,0,0,1,1,1,1,1,1,1,1,1,0.5,16,,,,,,,,,,,n/a,0,50,80,160,5,,,,3,6,9,1,0,7,0,15,0,8,0,10,50,2,50,5,30,1,1,0,100,0.1,Any,
Brigitte,Gaubert,F,56,Equal,2,France,31/03/1996,,0,0,69,1,2000,1999,,,,,0,0,1,1,1,1,1,1,1,1,1,0.5,16,,,,,,,,,,,n/a,0,50,80,160,5,,,,1,3,6,0,0,0,0,9,0,8,0,10,50,2,50,5,30,1,1,0,100,0.1,Any,
Raquel,Peres,F,57,Equal,1,Brazil,31/03/1996,,0,0,69,1,2000,1999,,,,,0,0,1,1,1,1,1,1,1,1,1,0.5,16,,,,,,,,,,,n/a,0,50,80,160,5,,,,1,6,8,1,0,0,0,14,0,2,7,0,50,2,50,5,30,1,1,0,100,0.1,Any,
Ivone,Fonseca,F,57,Equal,1,Brazil,31/03/1996,,0,0,69,1,2000,1999,,,,,0,0,1,1,1,1,1,1,1,1,1,0.5,16,,,,,,,,,,,n/a,0,50,80,160,5,,,,4,5,8,1,0,0,0,5,0,2,0,3,50,2,50,5,30,1,1,0,100,0.1,Any,
Ling,Dèng,M,57,Equal,1,China,31/03/1996,,0,0,69,1,2000,1999,,,,,0,0,1,1,1,1,1,1,1,1,1,0.5,16,,,,,,,,,,,n/a,0,50,80,160,5,,,,3,3,6,0,0,0,0,12,0,9,8,1,50,2,50,5,30,1,1,0,100,0.1,Any,
Logan,Richards,M,57,Equal,2,UK,31/03/1996,,0,0,69,1,2000,1999,,,,,0,0,1,1,1,1,1,1,1,1,1,0.5,16,,,,,,,,,,,n/a,0,50,80,160,5,,,,1,6,0,1,0,0,0,10,0,6,6,6,50,2,50,5,30,1,1,0,100,0.1,Any,
Blake,Edwards,M,57,Equal,2,UK,31/03/1996,,0,0,69,1,2000,1999,,,,,0,0,1,1,1,1,1,1,1,1,1,0.5,16,,,,,,,,,,,n/a,0,50,80,160,5,,,,1,2,0,1,0,0,0,10,0,6,6,6,50,2,50,5,30,1,1,0,100,0.1,Any,
Brad,Walker,M,57,Equal,2,Canada,31/03/1996,,0,0,69,1,2000,1999,,,,,0,0,1,1,1,1,1,1,1,1,1,0.5,16,,,,,,,,,,,n/a,0,50,80,160,5,,,,1,4,3,0,0,0,0,11,0,6,3,1,50,2,50,5,30,1,1,0,100,0.1,Any,
Janko,Kujović,M,58,One,1,Montenegro,31/03/1996,,0,0,69,1,2000,1999,,,,,0,0,1,1,1,1,1,1,1,1,1,0.5,16,,,,,,,,,,,n/a,0,50,80,160,5,,,,5,3,7,0,0,3,0,11,0,8,4,0,50,2,50,5,30,1,1,0,100,0.1,Any,
Pepita,Gaspar,F,58,Equal,1,Mexico,31/03/1996,,0,0,69,1,2000,1999,,,,,0,0,1,1,1,1,1,1,1,1,1,0.5,16,,,,,,,,,,,n/a,0,50,80,160,5,,,,2,4,7,0,0,0,0,16,0,0,3,4,50,2,50,5,30,1,1,0,100,0.1,Any,
Elisa,Kahl,F,58,Equal,1,Austria,31/03/1996,,0,0,69,1,2000,1999,,,,,0,0,1,1,1,1,1,1,1,1,1,0.5,16,,,,,,,,,,,n/a,0,50,80,160,5,,,,1,4,8,1,0,8,0,16,0,8,1,1,50,2,50,5,30,1,1,0,100,0.1,Any,
Remo,Zuber,M,58,Equal,2,Switzerland,31/03/1996,,0,0,69,1,2000,1999,,,,,0,0,1,1,1,1,1,1,1,1,1,0.5,16,,,,,,,,,,,n/a,0,50,80,160,5,,,,5,6,7,0,0,0,0,11,0,8,4,0,50,2,50,5,30,1,1,0,100,0.1,Any,
Callie,McCabe,F,58,Equal,2,Ireland,31/03/1996,,0,0,69,1,2000,1999,,,,,0,0,1,1,1,1,1,1,1,1,1,0.5,16,,,,,,,,,,,n/a,0,50,80,160,5,,,,1,2,0,0,0,0,0,11,0,8,4,0,50,2,50,5,30,1,1,0,100,0.1,Any,
Rolf,Richter,M,58,Equal,2,Germany,31/03/1996,,0,0,69,1,2000,1999,,,,,0,0,1,1,1,1,1,1,1,1,1,0.5,16,,,,,,,,,,,n/a,0,50,80,160,5,,,,0,5,1,0,0,6,0,11,0,8,4,0,50,2,50,5,30,1,1,0,100,0.1,Any,
Mei,Hu,F,59,Equal,1,China,31/03/1996,,0,0,69,1,2000,1999,,,,,0,0,1,1,1,1,1,1,1,1,1,0.5,16,,,,,,,,,,,n/a,0,50,80,160,5,,,,2,4,6,1,0,0,0,16,0,5,6,5,50,2,50,5,30,1,1,0,100,0.1,Any,
Valburga,Kumar,F,59,One,1,Slovenia,31/03/1996,,0,0,69,1,2000,1999,,,,,0,0,1,1,1,1,1,1,1,1,1,0.5,16,,,,,,,,,,,n/a,0,50,80,160,5,,,,0,6,2,0,0,0,0,4,0,8,3,7,50,2,50,5,30,1,1,0,100,0.1,Any,
Cyril,Boissieu,M,59,Equal,1,France,31/03/1996,,0,0,69,1,2000,1999,,,,,0,0,1,1,1,1,1,1,1,1,1,0.5,16,,,,,,,,,,,n/a,0,50,80,160,5,,,,0,6,3,0,0,0,0,0,0,5,8,7,50,2,50,5,30,1,1,0,100,0.1,Any,
Gao,Hanwen,M,59,Equal,2,China,31/03/1996,,0,0,69,1,2000,1999,,,,,0,0,1,1,1,1,1,1,1,1,1,0.5,16,,,,,,,,,,,n/a,0,50,80,160,5,,,,0,5,7,0,0,6,0,16,0,5,6,5,50,2,50,5,30,1,1,0,100,0.1,Any,
Yasir,Fandi,M,59,Equal,2,Singapore,31/03/1996,,0,0,69,1,2000,1999,,,,,0,0,1,1,1,1,1,1,1,1,1,0.5,16,,,,,,,,,,,n/a,0,50,80,160,5,,,,3,3,2,0,0,5,0,16,0,5,6,5,50,2,50,5,30,1,1,0,100,0.1,Any,
April,Fawcett,F,59,Equal,2,UnitedStates,31/03/1996,,0,0,69,1,2000,1999,,,,,0,0,1,1,1,1,1,1,1,1,1,0.5,16,,,,,,,,,,,n/a,0,50,80,160,5,,,,3,6,7,0,0,2,0,16,0,5,6,5,50,2,50,5,30,1,1,0,100,0.1,Any,
Elena,Fedorova,F,60,Equal,1,RussianFederation,31/03/1996,,0,0,69,1,2000,1999,,,,,0,0,1,1,1,1,1,1,1,1,1,0.5,16,,,,,,,,,,,n/a,0,50,80,160,5,,,,0,2,8,0,0,11,0,9,0,10,9,10,50,4,50,5,30,1,1,0,100,0.1,Any,
Peter,Wild,M,60,Equal,1,UK,31/03/1996,,0,0,69,1,2000,1999,,,,,0,0,1,1,1,1,1,1,1,1,1,0.5,16,,,,,,,,,,,n/a,0,50,80,160,5,,,,2,1,4,0,0,5,0,9,0,10,9,10,50,4,50,5,30,1,1,0,100,0.1,Any,
Akhmet,Dauletev,M,60,Equal,1,Kazakhstan,31/03/1996,,0,0,69,1,2000,1999,,,,,0,0,1,1,1,1,1,1,1,1,1,0.5,16,,,,,,,,,,,n/a,0,50,80,160,5,,,,1,1,5,0,0,0,0,1,0,1,2,9,50,2,50,5,30,1,1,0,100,0.1,Any,
Yuri,Sadyrin,M,60,Two,2,RussianFederation,31/03/1996,,0,0,69,1,2000,1999,,,,,0,0,1,1,1,1,1,1,1,1,1,0.5,16,,,,,,,,,,,n/a,0,50,80,160,5,,,,0,2,2,0,0,8,0,9,0,10,9,10,50,4,50,5,30,1,1,0,100,0.1,Any,
Ren,Zhizhao,M,60,Equal,2,China,31/03/1996,,0,0,69,1,2000,1999,,,,,0,0,1,1,1,1,1,1,1,1,1,0.5,16,,,,,,,,,,,n/a,0,50,80,160,5,,,,5,6,9,0,0,0,0,9,0,10,9,10,50,4,50,5,30,1,1,0,100,0.1,Any,
Arianna,Piccolo,F,60,Two,2,Italy,31/03/1996,,0,0,69,1,2000,1999,,,,,0,0,1,1,1,1,1,1,1,1,1,0.5,16,,,,,,,,,,,n/a,0,50,80,160,5,,,,1,3,9,0,0,0,0,10,0,5,7,2,50,4,50,5,30,1,1,0,100,0.1,Any,
Semi,Yong,F,61,Equal,1,SouthKorea,31/03/1996,,0,0,69,1,2000,1999,,,,,0,0,1,1,1,1,1,1,1,1,1,0.5,16,,,,,,,,,,,n/a,0,50,80,160,5,,,,1,1,5,0,0,0,0,1,0,1,2,9,50,2,50,5,30,1,1,0,100,0.1,Any,
Bubba,Jones,M,61,One,1,UnitedStates,31/03/1996,,0,0,69,1,2000,1999,,,,,0,0,1,1,1,1,1,1,1,1,1,0.5,16,,,,,,,,,,,n/a,0,50,80,160,5,,,,0,4,9,1,0,11,0,5,0,9,10,1,50,2,50,5,30,1,1,0,100,0.1,Any,
Su-ran,Kim,F,61,Equal,1,SouthKorea,31/03/1996,,0,0,69,1,2000,1999,,,,,0,0,1,1,1,1,1,1,1,1,1,0.5,16,,,,,,,,,,,n/a,0,50,80,160,5,,,,2,3,8,0,0,0,0,5,0,3,2,9,50,2,50,5,30,1,1,0,100,0.1,Any,
Rolf,Lindroth,M,61,Equal,2,Sweden,31/03/1996,,0,0,69,1,2000,1999,,,,,0,0,1,1,1,1,1,1,1,1,1,0.5,16,,,,,,,,,,,n/a,0,50,80,160,5,,,,2,3,8,0,0,0,0,5,0,3,2,9,50,2,50,5,30,1,1,0,100,0.1,Any,
Shin-wook,Kwon,M,61,Equal,2,SouthKorea,31/03/1996,,0,0,69,1,2000,1999,,,,,0,0,1,1,1,1,1,1,1,1,1,0.5,16,,,,,,,,,,,n/a,0,50,80,160,5,,,,2,5,5,0,0,0,0,1,0,1,2,9,50,2,50,5,30,1,1,0,100,0.1,Any,
Ji-sung,Lee,M,61,Equal,2,SouthKorea,31/03/1996,,0,0,69,1,2000,1999,,,,,0,0,1,1,1,1,1,1,1,1,1,0.5,16,,,,,,,,,,,n/a,0,50,80,160,5,,,,2,3,9,1,0,0,0,1,0,1,2,9,50,2,50,5,30,1,1,0,100,0.1,Any,
Zoi,Zerva,F,62,Equal,1,Cyprus,31/03/1996,,0,0,69,1,2000,1999,,,,,0,0,1,1,1,1,1,1,1,1,1,0.5,16,,,,,,,,,,,n/a,0,50,80,160,5,,,,1,2,2,0,0,6,0,6,0,9,3,6,50,2,50,5,30,1,1,0,100,0.1,Any,
Claire,Talley,F,62,Equal,1,Canada,31/03/1996,,0,0,69,1,2000,1999,,,,,0,0,1,1,1,1,1,1,1,1,1,0.5,16,,,,,,,,,,,n/a,0,50,80,160,5,,,,1,3,7,0,0,0,0,16,0,4,0,6,50,2,50,5,30,1,1,0,100,0.1,Any,
Marion,Fournier,F,62,Equal,1,France,31/03/1996,,0,0,69,1,2000,1999,,,,,0,0,1,1,1,1,1,1,1,1,1,0.5,16,,,,,,,,,,,n/a,0,50,80,160,5,,,,1,4,0,0,0,6,0,16,0,4,0,6,50,2,50,5,30,1,1,0,100,0.1,Any,
Mike,Adams,M,62,Equal,2,Australia,31/03/1996,,0,0,69,1,2000,1999,,,,,0,0,1,1,1,1,1,1,1,1,1,0.5,16,,,,,,,,,,,n/a,0,50,80,160,5,,,,4,1,7,0,0,0,0,14,0,8,9,9,50,2,50,5,30,1,1,0,100,0.1,Any,
Méline,Pires,F,62,Equal,2,France,31/03/1996,,0,0,69,1,2000,1999,,,,,0,0,1,1,1,1,1,1,1,1,1,0.5,16,,,,,,,,,,,n/a,0,50,80,160,5,,,,1,5,5,1,0,0,0,16,0,4,0,6,50,2,50,5,30,1,1,0,100,0.1,Any,
Joanne,Coburn,F,62,Equal,2,UK,31/03/1996,,0,0,69,1,2000,1999,,,,,0,0,1,1,1,1,1,1,1,1,1,0.5,16,,,,,,,,,,,n/a,0,50,80,160,5,,,,1,5,6,4,0,8,0,14,0,6,2,6,50,2,50,5,30,1,1,0,100,0.1,Any,
Tobias,Wallner,M,63,Equal,1,Austria,31/03/1996,,0,0,69,1,2000,1999,,,,,0,0,1,1,1,1,1,1,1,1,1,0.5,16,,,,,,,,,,,n/a,0,50,80,160,5,,,,0,3,5,0,0,0,0,10,0,8,6,5,50,2,50,5,30,1,1,0,100,0.1,Any,
Alex,Baldwin,M,63,Equal,1,UK,31/03/1996,,0,0,69,1,2000,1999,,,,,0,0,1,1,1,1,1,1,1,1,1,0.5,16,,,,,,,,,,,n/a,0,50,80,160,5,,,,1,3,3,1,0,0,0,14,0,6,2,6,50,2,50,5,30,1,1,0,100,0.1,Any,
Daniela,Benítez,F,63,Equal,1,Spain,31/03/1996,,0,0,69,1,2000,1999,,,,,0,0,1,1,1,1,1,1,1,1,1,0.5,16,,,,,,,,,,,n/a,0,50,80,160,5,,,,4,1,9,0,0,0,0,15,0,7,1,5,50,2,50,5,30,1,1,0,100,0.1,Any,
Sophie,Harrison,F,63,Equal,2,UK,31/03/1996,,0,0,69,1,2000,1999,,,,,0,0,1,1,1,1,1,1,1,1,1,0.5,16,,,,,,,,,,,n/a,0,50,80,160,5,,,,2,1,1,0,0,8,0,15,0,7,1,5,50,2,50,5,30,1,1,0,100,0.1,Any,
Maximilian,Schneider,M,63,Equal,2,Germany,31/03/1996,,0,0,69,1,2000,1999,,,,,0,0,1,1,1,1,1,1,1,1,1,0.5,16,,,,,,,,,,,n/a,0,50,80,160,5,,,,2,5,1,3,0,0,0,9,0,7,1,4,50,2,50,5,30,1,1,0,100,0.1,Any,
Sujitra,Kunkorn,F,63,Equal,2,Thailand,31/03/1996,,0,0,69,1,2000,1999,,,,,0,0,1,1,1,1,1,1,1,1,1,0.5,16,,,,,,,,,,,n/a,0,50,80,160,5,,,,4,4,9,2,0,0,0,15,0,7,1,5,50,2,50,5,30,1,1,0,100,0.1,Any,
Oronzo,Vial,M,,,,Italy,31/03/1996,,0,0,69,,,,,,,,,0,1,1,1,1,1,1,1,1,1,0.5,16,,,,,,,,,,,n/a,0,50,80,160,5,,,,2,2,0,0,1,0,0,2,0,7,1,6,50,2,50,5,30,1,1,0,100,0.1,Any,
Axel,Dior,M,,,,France,31/03/1996,,0,0,69,,,,,,,,,0,1,1,1,1,1,1,1,1,1,0.5,16,,,,,,,,,,,n/a,0,50,80,160,5,,,,0,2,8,0,0,11,0,9,0,10,9,10,50,4,50,5,30,1,1,0,100,0.1,Any,
Markus,Sauerbeck,M,,,,Germany,31/03/1996,,0,0,69,,,,,,,,,0,1,1,1,1,1,1,1,1,1,0.5,16,,,,,,,,,,,,0,50,80,160,5,,,,0,5,3,0,0,0,0,16,0,5,6,5,50,2,50,5,30,1,1,0,100,0.1,Any,
Pierce,Booth,M,,,,Australia,31/03/1996,,0,0,69,,,,,,,,,0,1,1,1,1,1,1,1,1,1,0.5,16,,,,,,,,,,,,0,50,80,160,5,,,,4,1,7,0,0,0,0,14,0,8,9,9,50,2,50,5,30,1,1,0,100,0.1,Any,
Vitaly,Volkov,M,,,,RussianFederation,31/03/1996,,0,0,69,,,,,,,,,0,1,1,1,1,1,1,1,1,1,0.5,16,,,,,,,,,,,,0,50,80,160,5,,,,0,3,5,0,0,0,0,10,0,8,6,5,50,2,50,5,30,1,1,0,100,0.1,Any,
Rita,Maibaum,F,,,,Germany,31/03/1996,,0,0,69,,,,,,,,,0,1,1,1,1,1,1,1,1,1,0.5,16,,,,,,,,,,,,0,50,80,160,5,,,,2,5,1,3,0,0,0,9,0,7,1,4,50,2,50,5,30,1,1,0,100,0.1,Any,
Esme,Murphy,F,,,,Ireland,31/03/1996,,0,0,69,,,,,,,,,0,1,1,1,1,1,1,1,1,1,0.5,16,,,,,,,,,,,,0,50,80,160,5,,,,4,1,9,0,0,0,0,15,0,7,1,5,50,2,50,5,30,1,1,0,100,0.1,Any,
Max,Schmidt,M,,,,Germany,31/03/1996,,0,0,69,,,,,,,,,0,1,1,1,1,1,1,1,1,1,0.5,16,,,,,,,,,,,,0,50,80,160,5,,,,1,3,3,1,0,7,0,6,0,10,10,3,50,2,50,5,30,1,1,0,100,0.1,Any,
Geraldo,Alvarez,M,,,,Peru,31/03/1996,,0,0,69,,,,,,,,,0,1,1,1,1,1,1,1,1,1,0.5,16,,,,,,,,,,,,0,50,80,160,5,,,,5,3,6,0,0,0,0,12,0,9,8,1,50,2,50,5,30,1,1,0,100,0.1,Any,
Connor,Chapman,M,,,,UK,31/03/1996,,0,0,69,,,,,,,,,0,1,1,1,1,1,1,1,1,1,0.5,16,,,,,,,,,,,,0,50,80,160,5,,,,5,6,7,0,0,0,0,11,0,8,4,0,50,2,50,5,30,1,1,0,100,0.1,Any,
Scott,Price,M,,,,NewZealand,31/03/1996,,0,0,69,,,,,,,,,0,1,1,1,1,1,1,1,1,1,0.5,16,,,,,,,,,,,,0,50,80,160,5,,,,2,2,1,0,0,0,0,8,0,4,7,0,50,2,50,5,30,1,1,0,100,0.1,Any,
Franky,Kinney,F,,,,Australia,31/03/1996,,0,0,69,,,,,,,,,0,1,1,1,1,1,1,1,1,1,0.5,16,,,,,,,,,,,,0,50,80,160,5,,,,2,4,7,0,0,0,0,12,0,4,9,8,50,2,50,5,30,1,1,0,100,0.1,Any,
Enriqua,Lara,F,,,,SriLanka,31/03/1996,,0,0,69,,,,,,,,,0,1,1,1,1,1,1,1,1,1,0.5,16,,,,,,,,,,,,0,50,80,160,5,,,,1,1,8,0,0,0,0,10,0,6,6,6,50,2,50,5,30,1,1,0,100,0.1,Any,
Ellie,Foster,F,,,,UK,31/03/1996,,0,0,69,,,,,,,,,0,1,1,1,1,1,1,1,1,1,0.5,16,,,,,,,,,,,,0,50,80,160,5,,,,4,6,8,0,0,4,0,6,0,6,2,4,50,2,50,5,30,1,1,0,100,0.1,Any,
Maisy,Jones,F,,,,UnitedStates,31/03/1996,,0,0,69,,,,,,,,,0,1,1,1,1,1,1,1,1,1,0.5,16,,,,,,,,,,,,0,50,80,160,5,,,,0,5,3,3,0,8,0,11,0,4,5,5,50,2,50,5,30,1,1,0,100,0.1,Any,
Max,Porter,M,,,,UK,31/03/1996,,0,0,69,,,,,,,,,0,1,1,1,1,1,1,1,1,1,0.5,16,,,,,,,,,,,,0,50,80,160,5,,,,2,5,8,0,0,0,0,7,0,8,8,9,50,2,50,5,30,1,1,0,100,0.1,Any,
Ollie,Ryan,M,,,,UK,31/03/1996,,0,0,69,,,,,,,,,0,1,1,1,1,1,1,1,1,1,0.5,16,,,,,,,,,,,,0,50,80,160,5,,,,5,2,8,0,0,0,0,10,0,7,7,5,50,2,50,5,30,1,1,0,100,0.1,Any,
Gaston,Renou,M,,,,France,31/03/1996,,0,0,69,,,,,,,,,0,1,1,1,1,1,1,1,1,1,0.5,16,,,,,,,,,,,,0,50,80,160,5,,,,0,2,8,0,0,1,0,5,0,7,6,7,50,2,50,5,30,1,1,0,100,0.1,Any,
Ellie,Marsh,F,,,,UK,31/03/1996,,0,0,69,,,,,,,,,0,1,1,1,1,1,1,1,1,1,0.5,16,,,,,,,,,,,,0,50,80,160,5,,,,2,3,9,0,0,2,0,12,0,4,7,0,50,2,50,5,30,1,1,0,100,0.1,Any,
Rina,Petri,F,,,,Italy,31/03/1996,,0,0,69,,,,,,,,,0,1,1,1,1,1,1,1,1,1,0.5,16,,,,,,,,,,,,0,50,80,160,5,,,,4,4,6,0,0,0,0,3,0,4,2,5,50,2,50,5,30,1,1,0,100,0.1,Any,
Alexei,Ivanenko,M,,,,Ukraine,31/03/1996,,0,0,69,,,,,,,,,0,1,1,1,1,1,1,1,1,1,0.5,16,,,,,,,,,,,,0,50,80,160,5,,,,2,3,2,1,0,5,0,0,0,8,0,10,50,2,50,5,30,1,1,0,100,0.1,Any,
Nathan,Deniau,M,,,,France,31/03/1996,,0,0,69,,,,,,,,,0,1,1,1,1,1,1,1,1,1,0.5,16,,,,,,,,,,,,0,50,80,160,5,,,,4,3,9,0,0,0,0,12,0,10,3,8,50,2,50,5,30,1,1,0,100,0.1,Any,
Ashley,Wilson,F,,,,Canada,31/03/1996,,0,0,69,,,,,,,,,0,1,1,1,1,1,1,1,1,1,0.5,16,,,,,,,,,,,,0,50,80,160,5,,,,0,4,9,0,1,11,0,5,0,9,6,0,50,2,50,5,30,1,1,0,100,0.1,Any,
Ray,Roberts,M,,,,UnitedStates,31/03/1996,,0,0,69,,,,,,,,,0,1,1,1,1,1,1,1,1,1,0.5,16,,,,,,,,,,,,0,50,80,160,5,,,,5,5,6,0,0,0,0,0,0,3,3,6,50,2,50,5,30,1,1,0,100,0.1,Any,
Lars,Ohlin,M,,,,Sweden,31/03/1996,,0,0,69,,,,,,,,,0,1,1,1,1,1,1,1,1,1,0.5,16,,,,,,,,,,,,0,50,80,160,5,,,,1,3,2,1,0,8,0,3,0,9,0,6,50,2,50,5,30,1,1,0,100,0.1,Any,
Luc,Cormier,M,,,,France,31/03/1996,,0,0,69,,,,,,,,,0,1,1,1,1,1,1,1,1,1,0.5,16,,,,,,,,,,,,0,50,80,160,5,,,,1,5,8,0,0,0,0,0,0,9,3,1,50,2,50,5,30,1,1,0,100,0.1,Any,
Falko,Engelhart,M,,,,Germany,31/03/1996,,0,0,69,,,,,,,,,0,1,1,1,1,1,1,1,1,1,0.5,16,,,,,,,,,,,,0,50,80,160,5,,,,0,4,8,2,0,0,0,16,0,5,6,5,50,2,50,5,30,1,1,0,100,0.1,Any,
Bobby,Stone Jr.,M,,,,UnitedStates,31/03/1996,,0,0,69,,,,,,,,,0,1,1,1,1,1,1,1,1,1,0.5,16,,,,,,,,,,,,0,50,80,160,5,,,,2,5,7,3,0,6,0,16,0,5,6,5,50,2,50,5,30,1,1,0,100,0.1,Any,
Winston,Margate,M,,,,UK,31/03/1996,,0,0,69,,,,,,,,,0,1,1,1,1,1,1,1,1,1,0.5,16,,,,,,,,,,,,0,50,80,160,5,,,,0,4,8,0,0,2,0,16,0,5,6,5,50,2,50,5,30,1,1,0,100,0.1,Any,
Danilo,Pereya,M,,,,Brazil,31/03/1996,,0,0,69,,,,,,,,,0,1,1,1,1,1,1,1,1,1,0.5,16,,,,,,,,,,,,0,50,80,160,5,,,,2,6,7,1,0,0,0,16,0,5,6,5,50,2,50,5,30,1,1,0,100,0.1,Any,
Sofia,Bukhalova,F,,,,Bulgaria,31/03/1996,,0,0,69,,,,,,,,,0,1,1,1,1,1,1,1,1,1,0.5,16,,,,,,,,,,,,0,50,80,160,5,,,,2,5,7,1,0,0,0,16,0,2,5,6,50,2,50,5,30,1,1,0,100,0.1,Any,
Boris,Vyhovsky,M,,,,Ukraine,31/03/1996,,0,0,69,,,,,,,,,0,1,1,1,1,1,1,1,1,1,0.5,16,,,,,,,,,,,,0,50,80,160,5,,,,1,4,9,0,0,0,0,5,0,9,10,1,50,2,50,5,30,1,1,0,100,0.1,Any,
Felipe,Nunes,M,,,,Brazil,31/03/1996,,0,0,69,,,,,,,,,0,1,1,1,1,1,1,1,1,1,0.5,16,,,,,,,,,,,,0,50,80,160,5,,,,0,2,8,0,0,0,0,5,0,6,5,3,50,1,50,5,30,1,1,0,100,0.1,Any,
Petra,Schober,F,,,,Germany,31/03/1996,,0,0,69,,,,,,,,,0,1,1,1,1,1,1,1,1,1,0.5,16,,,,,,,,,,,,0,50,80,160,5,,,,1,3,4,0,0,1,0,16,0,5,6,5,50,2,50,5,30,1,1,0,100,0.1,Any,
Gonzalo,Agramonte,M,,,,Spain,31/03/1996,,0,0,69,,,,,,,,,0,1,1,1,1,1,1,1,1,1,0.5,16,,,,,,,,,,,,0,50,80,160,5,,,,2,6,8,1,0,0,0,16,0,9,10,1,50,2,50,5,30,1,1,0,100,0.1,Any,
Lola,Marsh,F,,,,UK,31/03/1996,,0,0,69,,,,,,,,,0,1,1,1,1,1,1,1,1,1,0.5,16,,,,,,,,,,,,0,50,80,160,5,,,,0,2,1,0,0,0,0,16,0,5,6,5,50,2,50,5,30,1,1,0,100,0.1,Any,
Sara,Thomas,F,,,,Ireland,31/03/1996,,0,0,69,,,,,,,,,0,1,1,1,1,1,1,1,1,1,0.5,16,,,,,,,,,,,,0,50,80,160,5,,,,0,1,3,0,0,0,0,13,0,6,8,8,50,2,50,5,30,1,1,0,100,0.1,Any,
